%YAML:1.0
% Create by bss at 2013-12-23
% Last modified: 2013-12-23, 22:22:30
Parameters:
   show_pts: 0
   show_depth: 0   

