%YAML:1.0
% Create by bss at 2014-07-11
% Last modified: 2014-07-11, 14:00:53
Parameters:
   th_r_low: 230
   th_r_high: 255  
   th_g_low: 130
   th_g_high: 200  
   th_b_low: 130
   th_b_high: 200  

