image: map_small.pgm
resolution: 0.20
origin: [0.00, -100.000000, -100.000000]
negate: 0
occupied_thresh: 0.65
free_thresh: 0.196

